<?xml version="1.0"?>
<opencv_storage>
<read>"camera calibration by kint at 15.08"</read>
<imageCount>23</imageCount>
<Camera_Matrix type_id="opencv-matrix">
  <rows>3</rows>
  <cols>3</cols>
  <dt>d</dt>
  <data>
    5.1386788885632211e+02 0. 3.2686064376632658e+02 0.
    5.0976442476331857e+02 2.2480530936105916e+02 0. 0. 1.</data>
</Camera_Matrix>
<Distortion_Coefficients type_id="opencv-matrix">
  <rows>1</rows>
  <cols>5</cols>
  <dt>d</dt>
  <data>
    -9.5448564089161261e-02 3.5300029726344363e-02
    -7.0210433896857587e-03 7.5700329318461462e-03
    1.8714405325656333e-01</data></Distortion_Coefficients>
</opencv_storage>
